 ---------- 
Id=351;
Age=0;
Brain=2,2,0,0,2,1,2,0,2,0,2,0,0,2,2,0,1,1,1,1,1,2,1,2,0,0,1,0,1,2,1,0,0,2,2,0,2,1,2,2,0,0,2,0,1,1,2,1,2,0,1,2,2,0,0,1,0,1,0,0,1,1,1,0,1,0,1,0,0,1,2,2,0,0,0,0,0,0,1,0,1,1,0,1,0,2,2,0,0,0,0,0,2,2,1,0,1,1,1,0,2,2,2,2,0,0,0,0,1,1,2,1,1,0,0,2,1,0,2,2,0,0,0,0,0,0,0,0;
Direction=1;
Energy=13;
ExpectOnPartner=100,100,6,10,30,30;
HungryThreshold=15;
InvInChild=2;
LearnAbility=11;
NumChildren=0;
x=11;
y=0;
 ---------- 
Id=434;
Age=0;
Brain=1,1,2,0,1,0,2,2,0,0,0,1,1,1,1,1,1,2,0,1,1,1,2,1,1,2,1,0,2,2,1,2,2,0,2,0,2,0,1,1,2,2,2,0,0,0,2,2,2,2,2,1,0,0,1,0,0,1,0,0,2,1,1,0,0,1,0,0,2,2,0,2,0,0,0,0,1,1,1,2,1,1,0,1,0,1,2,1,0,0,0,0,1,0,0,1,1,1,2,1,1,0,1,2,0,0,0,0,1,1,0,2,2,2,1,2,0,0,2,0,0,0,0,0,0,0,0,1;
Direction=0;
Energy=50;
ExpectOnPartner=100,100,6,10,30,30;
HungryThreshold=9;
InvInChild=28;
LearnAbility=44;
NumChildren=0;
x=9;
y=1;
 ---------- 
Id=402;
Age=0;
Brain=0,0,0,2,0,0,1,1,0,1,1,1,0,1,2,0,1,1,1,0,2,0,0,2,2,2,1,1,1,2,1,2,2,1,2,0,1,0,0,0,2,0,0,1,1,2,0,2,0,2,1,1,0,1,1,1,1,2,2,0,1,0,2,0,0,0,0,1,0,0,2,1,0,0,0,0,0,0,1,0,0,2,0,1,2,2,2,2,0,0,0,0,0,2,1,2,0,0,0,2,1,0,0,2,0,0,0,0,0,0,0,0,1,0,0,2,2,0,2,1,0,0,0,0,0,2,2,1;
Direction=2;
Energy=27;
ExpectOnPartner=100,100,6,10,30,30;
HungryThreshold=25;
InvInChild=20;
LearnAbility=32;
NumChildren=0;
x=10;
y=3;
 ---------- 
Id=343;
Age=0;
Brain=1,2,1,1,1,1,0,0,0,1,2,0,1,2,2,1,1,2,2,1,2,2,0,1,1,0,2,1,2,2,0,0,0,2,2,2,0,0,0,1,2,1,1,1,2,1,1,2,0,0,1,2,0,1,1,2,2,0,1,1,2,0,1,0,1,2,2,2,2,1,1,2,0,0,0,0,2,2,1,2,1,2,1,1,1,2,2,2,0,0,0,0,1,0,2,2,0,1,2,0,1,2,2,2,0,0,0,0,2,2,2,2,2,2,0,1,0,1,0,0,0,0,0,0,1,0,1,2;
Direction=0;
Energy=28;
ExpectOnPartner=100,100,6,10,30,30;
HungryThreshold=7;
InvInChild=32;
LearnAbility=10;
NumChildren=0;
x=10;
y=5;
 ---------- 
Id=456;
Age=0;
Brain=0,1,2,1,0,2,0,1,0,1,1,1,0,1,1,2,1,2,1,1,0,0,0,1,2,0,0,0,0,0,0,1,1,1,0,2,0,2,1,1,2,1,0,2,1,0,2,2,2,2,0,1,2,0,2,0,2,0,1,1,1,1,0,0,1,2,0,2,0,0,0,1,0,0,0,0,1,2,0,0,2,2,1,1,2,2,0,0,0,0,0,0,0,2,0,0,0,0,1,1,0,0,2,1,0,0,0,0,1,1,1,0,1,1,2,1,2,2,1,2,0,0,0,0,1,1,2,2;
Direction=3;
Energy=36;
ExpectOnPartner=100,100,6,10,30,30;
HungryThreshold=27;
InvInChild=8;
LearnAbility=43;
NumChildren=0;
x=10;
y=7;
 ---------- 
Id=359;
Age=0;
Brain=0,1,0,1,0,1,0,0,1,1,2,0,1,0,2,2,1,1,2,1,2,0,2,0,0,0,1,0,1,0,0,0,2,1,0,2,0,2,0,0,1,2,1,1,2,0,0,2,2,0,0,1,1,0,1,0,0,2,2,0,1,0,1,2,1,0,0,0,2,0,1,1,0,0,0,0,1,1,1,0,0,2,0,1,0,2,1,0,0,0,0,0,1,0,2,2,1,2,2,2,2,1,1,0,0,0,0,0,0,2,1,1,1,0,0,2,2,1,1,1,0,0,0,0,0,1,2,2;
Direction=3;
Energy=36;
ExpectOnPartner=100,100,6,10,30,30;
HungryThreshold=20;
InvInChild=11;
LearnAbility=32;
NumChildren=0;
x=13;
y=8;
 ---------- 
Id=453;
Age=0;
Brain=1,1,1,1,1,1,1,1,2,0,2,2,1,0,1,1,1,0,1,2,0,0,2,2,0,1,1,1,1,1,2,0,1,1,2,2,0,0,2,2,2,2,1,2,0,1,0,0,0,0,2,0,0,1,1,0,2,0,1,1,1,2,1,1,0,2,1,0,2,1,1,0,0,0,0,0,2,1,1,2,1,2,2,1,2,2,2,1,0,0,0,0,2,1,1,2,0,1,1,0,0,2,2,0,0,0,0,0,1,2,1,0,2,0,2,0,1,2,1,0,0,0,0,0,0,1,1,2;
Direction=1;
Energy=20;
ExpectOnPartner=100,100,6,10,30,30;
HungryThreshold=23;
InvInChild=50;
LearnAbility=38;
NumChildren=0;
x=11;
y=9;
 ---------- 
Id=374;
Age=0;
Brain=1,1,0,2,1,0,0,2,1,1,2,2,2,2,1,0,2,0,0,1,1,0,2,2,1,1,0,0,2,1,1,2,1,0,0,1,0,0,2,0,0,2,2,1,1,0,0,0,1,1,1,1,2,0,0,0,2,0,0,0,0,2,2,1,2,2,2,1,2,2,1,1,0,0,0,0,0,1,1,0,2,0,2,0,0,0,1,2,0,0,0,0,1,2,0,1,2,2,0,2,2,2,1,1,0,0,0,0,0,0,0,0,0,2,1,0,2,2,0,1,0,0,0,0,2,2,0,1;
Direction=3;
Energy=19;
ExpectOnPartner=100,100,6,10,30,30;
HungryThreshold=4;
InvInChild=20;
LearnAbility=50;
NumChildren=0;
x=23;
y=10;
 ---------- 
Id=352;
Age=0;
Brain=0,2,1,0,2,0,0,0,2,0,1,2,0,1,0,1,2,2,1,0,1,0,0,1,1,2,2,1,1,2,2,1,0,0,0,0,0,0,2,0,0,0,2,0,0,0,2,1,0,0,1,1,0,2,2,1,1,1,0,1,2,1,1,0,2,2,0,0,1,1,0,0,0,0,0,0,1,0,2,1,1,2,2,2,1,0,1,0,0,0,0,0,0,2,1,1,0,0,2,0,2,2,0,1,0,0,0,0,1,2,2,2,0,0,0,2,0,2,0,2,0,0,0,0,1,2,1,0;
Direction=2;
Energy=30;
ExpectOnPartner=100,100,6,10,30,30;
HungryThreshold=46;
InvInChild=33;
LearnAbility=42;
NumChildren=0;
x=11;
y=11;
 ---------- 
Id=342;
Age=0;
Brain=0,1,2,1,1,2,2,0,1,0,0,0,2,1,1,2,1,0,1,0,2,2,1,2,2,1,1,0,0,1,0,2,0,1,1,0,0,2,2,0,0,2,1,2,0,0,0,0,2,1,1,2,2,1,2,0,1,0,2,0,0,2,2,2,0,2,0,0,1,2,2,1,0,0,0,0,0,1,0,0,2,1,1,1,2,2,2,0,0,0,0,0,0,0,2,0,0,2,2,0,1,2,1,1,0,0,0,0,0,1,0,1,1,1,2,2,2,2,2,2,0,0,0,0,2,2,1,1;
Direction=3;
Energy=42;
ExpectOnPartner=100,100,6,10,30,30;
HungryThreshold=1;
InvInChild=18;
LearnAbility=13;
NumChildren=0;
x=20;
y=11;
 ---------- 
Id=423;
Age=0;
Brain=2,1,2,1,2,2,0,0,0,0,2,2,1,1,1,1,0,1,0,1,1,1,0,2,0,2,1,2,1,2,0,0,1,0,1,0,2,2,1,1,0,1,1,0,1,1,0,1,1,2,0,2,1,1,2,1,1,2,0,0,1,2,2,0,2,2,0,1,0,0,1,0,0,0,0,0,0,0,0,0,1,0,0,1,0,0,2,1,0,0,0,0,1,0,2,2,1,1,2,1,2,1,1,1,0,0,0,0,1,1,1,0,0,2,1,1,2,1,0,0,0,0,0,0,0,0,0,2;
Direction=1;
Energy=23;
ExpectOnPartner=100,100,6,10,30,30;
HungryThreshold=50;
InvInChild=18;
LearnAbility=18;
NumChildren=0;
x=21;
y=11;
 ---------- 
Id=405;
Age=0;
Brain=1,2,1,1,0,0,1,2,0,1,2,0,1,2,0,0,1,2,0,0,1,1,0,2,2,2,2,1,1,2,1,1,2,2,1,1,2,2,2,1,0,2,1,1,0,0,0,0,2,0,2,0,2,1,0,1,0,2,2,1,1,2,0,1,1,2,1,0,2,2,2,2,0,0,0,0,0,1,0,1,2,0,0,0,2,2,0,1,0,0,0,0,1,1,1,0,1,0,1,2,0,1,0,0,0,0,0,0,0,0,1,2,0,1,2,1,1,2,1,2,0,0,0,0,2,0,1,0;
Direction=2;
Energy=24;
ExpectOnPartner=100,100,6,10,30,30;
HungryThreshold=2;
InvInChild=49;
LearnAbility=4;
NumChildren=0;
x=12;
y=12;
 ---------- 
Id=369;
Age=0;
Brain=0,1,2,2,2,0,0,0,1,1,1,2,1,0,0,0,1,2,0,1,1,2,0,1,2,1,1,1,2,1,1,0,2,0,2,2,2,0,0,1,2,0,2,2,0,2,1,2,0,2,0,0,1,2,1,2,1,0,1,2,2,1,2,1,2,1,0,0,1,0,1,2,0,0,0,0,0,1,2,1,0,2,0,2,1,2,1,1,0,0,0,0,1,1,2,0,2,1,1,0,1,1,0,0,0,0,0,0,1,2,1,2,2,1,1,1,2,2,2,0,0,0,0,0,0,2,2,1;
Direction=1;
Energy=22;
ExpectOnPartner=100,100,6,10,30,30;
HungryThreshold=32;
InvInChild=34;
LearnAbility=8;
NumChildren=0;
x=9;
y=14;
 ---------- 
Id=372;
Age=0;
Brain=0,0,0,1,2,2,1,0,1,2,0,0,0,0,2,0,2,2,1,2,1,2,2,1,2,1,1,2,1,2,2,1,1,0,0,2,1,1,0,1,1,1,0,0,0,0,0,0,1,2,1,1,1,1,2,2,0,2,2,0,0,0,0,0,2,2,2,1,2,1,1,1,0,0,0,0,2,2,2,2,2,1,1,0,0,1,2,1,0,0,0,0,1,1,1,0,0,2,2,0,0,0,0,1,0,0,0,0,0,1,2,0,1,2,0,0,0,0,0,1,0,0,0,0,0,2,1,2;
Direction=0;
Energy=49;
ExpectOnPartner=100,100,6,10,30,30;
HungryThreshold=36;
InvInChild=21;
LearnAbility=20;
NumChildren=0;
x=10;
y=14;
 ---------- 
Id=416;
Age=0;
Brain=2,2,2,1,2,0,0,0,2,1,0,0,2,1,0,2,1,0,2,0,1,1,2,0,0,2,1,2,0,2,2,0,0,2,2,2,1,0,1,2,2,0,1,1,1,1,2,2,0,1,0,2,0,0,1,2,2,1,2,1,1,0,2,0,0,0,1,1,2,1,1,0,0,0,0,0,0,0,2,1,1,2,0,2,2,0,0,2,0,0,0,0,2,0,2,0,2,0,2,2,2,2,1,1,0,0,0,0,1,0,1,1,0,0,0,2,1,0,2,1,0,0,0,0,0,1,0,1;
Direction=1;
Energy=25;
ExpectOnPartner=100,100,6,10,30,30;
HungryThreshold=38;
InvInChild=49;
LearnAbility=46;
NumChildren=0;
x=24;
y=14;
 ---------- 
Id=412;
Age=0;
Brain=0,0,1,2,2,1,1,2,2,2,2,2,2,2,0,2,1,1,0,1,1,2,0,1,2,2,1,0,0,2,2,1,1,1,0,2,2,1,2,0,1,0,0,0,1,2,2,2,0,1,2,0,2,0,1,0,1,2,2,1,2,2,1,1,0,1,0,0,1,2,1,0,0,0,0,0,0,0,0,1,0,1,0,2,2,1,2,1,0,0,0,0,0,1,1,1,2,2,0,0,0,1,1,2,0,0,0,0,1,0,1,1,1,2,0,2,2,2,2,1,0,0,0,0,1,0,2,1;
Direction=3;
Energy=25;
ExpectOnPartner=100,100,6,10,30,30;
HungryThreshold=37;
InvInChild=22;
LearnAbility=47;
NumChildren=0;
x=10;
y=15;
 ---------- 
Id=435;
Age=0;
Brain=1,1,0,0,0,2,1,1,1,0,2,1,2,1,0,2,1,0,1,2,2,0,0,2,2,0,1,2,0,2,1,2,0,0,1,1,1,1,2,2,0,0,0,0,2,1,2,0,0,1,2,1,1,0,1,2,2,0,1,2,2,0,2,0,0,1,0,1,2,1,1,0,0,0,0,0,2,1,0,1,1,2,1,0,1,2,2,2,0,0,0,0,0,1,0,2,2,0,1,2,0,2,2,1,0,0,0,0,1,0,2,2,1,2,0,2,1,2,1,0,0,0,0,0,1,0,1,0;
Direction=1;
Energy=24;
ExpectOnPartner=100,100,6,10,30,30;
HungryThreshold=37;
InvInChild=38;
LearnAbility=46;
NumChildren=0;
x=11;
y=15;
 ---------- 
Id=338;
Age=0;
Brain=0,2,2,1,0,2,1,2,1,1,1,1,1,2,2,1,1,2,0,2,1,2,0,0,1,0,1,1,2,2,2,1,0,1,2,2,1,0,2,1,2,0,1,1,0,1,0,1,2,1,1,2,0,2,2,1,1,0,0,0,1,0,0,0,2,0,1,2,0,2,1,1,0,0,0,0,0,1,0,0,0,0,0,2,1,0,0,2,0,0,0,0,0,0,0,0,2,1,0,1,1,0,1,0,0,0,0,0,0,0,0,0,1,0,1,2,0,1,1,2,0,0,0,0,0,2,0,1;
Direction=3;
Energy=50;
ExpectOnPartner=100,100,6,10,30,30;
HungryThreshold=3;
InvInChild=16;
LearnAbility=18;
NumChildren=0;
x=24;
y=16;
 ---------- 
Id=332;
Age=0;
Brain=2,1,1,1,0,2,0,1,2,2,2,1,0,2,1,2,1,0,2,2,1,0,1,0,2,0,2,1,1,0,1,1,2,2,2,2,2,2,1,1,1,2,0,0,1,1,2,2,0,0,1,1,2,1,1,1,1,0,2,2,1,1,0,2,0,2,1,1,2,1,0,1,0,0,0,0,1,0,1,1,0,0,0,1,1,0,2,2,0,0,0,0,2,0,2,0,0,0,1,1,1,1,1,0,0,0,0,0,2,1,0,1,0,1,2,0,1,2,1,1,0,0,0,0,1,0,2,1;
Direction=1;
Energy=17;
ExpectOnPartner=100,100,6,10,30,30;
HungryThreshold=4;
InvInChild=40;
LearnAbility=13;
NumChildren=0;
x=9;
y=17;
 ---------- 
Id=340;
Age=0;
Brain=0,2,2,2,0,2,2,1,2,1,0,1,0,0,0,0,0,0,2,0,1,2,2,1,0,1,1,2,0,0,1,0,2,0,1,2,2,1,0,0,0,2,1,0,1,0,0,2,1,0,0,0,1,1,0,0,2,1,1,2,1,1,2,0,0,0,0,0,2,2,2,0,0,0,0,0,1,0,0,1,2,1,0,0,0,0,0,2,0,0,0,0,0,2,1,1,1,1,0,2,1,1,0,1,0,0,0,0,0,1,0,0,2,1,2,1,1,0,2,1,0,0,0,0,0,0,0,2;
Direction=3;
Energy=50;
ExpectOnPartner=100,100,6,10,30,30;
HungryThreshold=36;
InvInChild=29;
LearnAbility=35;
NumChildren=0;
x=21;
y=17;
 ---------- 
Id=324;
Age=0;
Brain=1,1,2,0,0,0,0,2,1,1,0,0,2,1,2,2,2,2,2,2,0,1,0,0,1,0,1,2,2,2,2,1,1,0,1,1,1,1,2,2,1,2,2,0,2,2,1,1,2,1,2,2,1,0,0,2,0,0,0,0,1,1,0,2,2,2,2,0,2,1,1,0,0,0,0,0,1,2,0,2,1,0,1,2,0,0,2,2,0,0,0,0,1,2,2,2,2,1,1,1,1,1,1,0,0,0,0,0,1,2,0,1,0,0,0,2,1,0,2,0,0,0,0,0,1,0,0,0;
Direction=3;
Energy=25;
ExpectOnPartner=100,100,6,10,30,30;
HungryThreshold=9;
InvInChild=35;
LearnAbility=24;
NumChildren=0;
x=23;
y=19;
 ---------- 
Id=414;
Age=0;
Brain=0,1,1,2,1,1,1,1,0,0,2,2,1,1,2,1,1,1,2,1,2,1,1,2,1,0,2,2,0,0,2,2,2,0,0,0,2,2,2,1,0,2,0,1,2,0,2,2,2,0,2,0,0,2,1,1,0,0,1,1,1,0,1,1,2,2,2,2,0,0,1,2,0,0,0,0,2,1,2,0,2,0,1,2,0,2,1,1,0,0,0,0,1,0,1,0,1,2,1,2,1,2,1,0,0,0,0,0,2,0,0,1,2,0,0,1,2,1,2,0,0,0,0,0,2,0,2,2;
Direction=3;
Energy=20;
ExpectOnPartner=100,100,6,10,30,30;
HungryThreshold=15;
InvInChild=30;
LearnAbility=34;
NumChildren=0;
x=10;
y=20;
 ---------- 
Id=449;
Age=0;
Brain=0,1,2,1,0,0,1,0,1,2,1,2,2,2,1,1,0,0,1,1,1,0,2,0,2,0,0,2,0,0,0,0,2,2,2,2,0,0,0,1,0,2,1,2,2,1,0,2,1,1,1,2,0,0,1,1,2,1,0,1,0,0,1,0,0,2,2,0,0,1,2,2,0,0,0,0,1,1,0,0,1,2,2,0,1,0,0,2,0,0,0,0,1,0,0,1,1,1,1,1,2,2,0,2,0,0,0,0,0,0,0,0,2,1,1,2,2,2,1,0,0,0,0,0,0,0,2,0;
Direction=0;
Energy=50;
ExpectOnPartner=100,100,6,10,30,30;
HungryThreshold=34;
InvInChild=37;
LearnAbility=40;
NumChildren=0;
x=9;
y=22;
 ---------- 
Id=441;
Age=0;
Brain=0,2,1,2,2,1,1,1,0,2,2,2,1,1,0,0,0,0,0,1,0,2,2,2,1,0,0,1,1,0,1,1,0,1,2,2,1,0,1,2,1,2,1,0,2,0,2,2,2,2,2,1,0,1,0,1,2,1,0,1,2,2,2,1,0,0,0,1,2,1,2,2,0,0,0,0,0,2,2,1,0,1,1,1,0,1,1,0,0,0,0,0,1,0,1,0,1,0,0,1,0,2,2,0,0,0,0,0,2,2,2,1,2,0,0,1,0,0,2,0,0,0,0,0,0,0,0,0;
Direction=0;
Energy=25;
ExpectOnPartner=100,100,6,10,30,30;
HungryThreshold=34;
InvInChild=38;
LearnAbility=40;
NumChildren=0;
x=21;
y=22;
 ---------- 
Id=429;
Age=0;
Brain=2,2,2,2,2,1,1,2,2,1,2,0,2,0,0,2,0,0,2,0,0,1,1,0,0,1,2,0,2,2,1,1,0,2,2,0,2,0,0,2,0,1,2,0,0,2,0,1,0,1,2,2,2,2,2,2,0,1,1,2,2,0,1,1,0,0,1,1,1,2,2,2,0,0,0,0,2,2,1,2,0,0,1,2,0,1,2,1,0,0,0,0,0,1,0,1,2,1,1,2,1,2,2,1,0,0,0,0,2,1,2,2,1,2,2,1,2,0,0,0,0,0,0,0,2,1,0,1;
Direction=3;
Energy=15;
ExpectOnPartner=100,100,6,10,30,30;
HungryThreshold=4;
InvInChild=37;
LearnAbility=9;
NumChildren=0;
x=9;
y=23;
 ---------- 
Id=445;
Age=0;
Brain=0,0,1,0,1,0,2,2,0,0,0,1,1,2,1,1,1,2,0,1,1,0,1,2,1,0,2,2,2,0,2,0,2,2,0,2,1,2,0,2,1,2,2,2,0,0,0,2,2,1,1,2,1,2,2,0,2,0,1,1,0,1,1,2,2,2,2,1,1,1,2,0,0,0,0,0,0,2,0,1,0,1,2,0,0,1,0,2,0,0,0,0,2,0,2,1,1,2,0,0,0,1,2,0,0,0,0,0,1,2,2,1,1,1,1,0,2,0,0,0,0,0,0,0,2,0,2,0;
Direction=0;
Energy=28;
ExpectOnPartner=100,100,6,10,30,30;
HungryThreshold=17;
InvInChild=14;
LearnAbility=47;
NumChildren=0;
x=11;
y=23;
 ---------- 
Id=419;
Age=0;
Brain=2,0,2,0,1,0,0,0,1,2,0,0,2,1,2,1,0,1,0,1,1,0,2,0,1,2,1,2,0,2,2,2,1,2,0,0,0,1,0,2,2,2,2,1,1,0,2,2,2,1,1,0,0,1,2,1,0,0,2,1,2,2,0,2,2,0,0,2,2,1,2,2,0,0,0,0,1,2,1,0,2,1,2,2,2,1,0,2,0,0,0,0,0,1,2,2,1,1,1,2,2,0,1,0,0,0,0,0,0,1,1,1,1,0,2,2,1,2,1,1,0,0,0,0,0,0,1,0;
Direction=3;
Energy=20;
ExpectOnPartner=100,100,6,10,30,30;
HungryThreshold=45;
InvInChild=34;
LearnAbility=43;
NumChildren=0;
x=13;
y=23;
 ---------- 
Id=431;
Age=0;
Brain=0,1,0,1,1,1,1,2,0,0,2,1,1,2,0,2,0,1,1,0,1,2,1,2,0,1,2,2,1,2,2,2,1,2,2,0,0,2,2,1,2,2,1,0,1,0,2,0,0,0,0,1,2,2,1,2,2,0,2,0,0,1,0,2,2,0,0,1,2,1,1,0,0,0,0,0,0,2,0,2,1,2,2,0,2,0,0,1,0,0,0,0,2,1,0,0,1,1,1,2,2,1,1,1,0,0,0,0,1,2,1,2,2,1,1,0,2,0,2,1,0,0,0,0,2,2,0,2;
Direction=2;
Energy=38;
ExpectOnPartner=100,100,6,10,30,30;
HungryThreshold=25;
InvInChild=29;
LearnAbility=33;
NumChildren=0;
x=22;
y=23;
 ---------- 
Id=344;
Age=0;
Brain=2,2,2,1,2,0,1,1,2,0,2,1,2,0,2,1,1,1,1,1,2,2,0,0,0,2,1,2,1,1,0,2,1,0,1,2,0,2,0,0,1,0,1,0,0,1,1,0,1,1,1,0,0,1,2,1,0,1,0,1,2,1,1,1,0,2,2,2,0,2,2,1,0,0,0,0,2,0,1,1,2,1,1,0,0,0,0,1,0,0,0,0,1,2,1,2,0,1,2,0,0,1,2,1,0,0,0,0,0,2,0,2,2,1,2,1,2,1,0,0,0,0,0,0,1,0,0,2;
Direction=2;
Energy=29;
ExpectOnPartner=100,100,6,10,30,30;
HungryThreshold=47;
InvInChild=1;
LearnAbility=33;
NumChildren=0;
x=13;
y=24;
 ---------- 
Id=410;
Age=0;
Brain=0,1,0,1,0,1,1,0,0,1,0,1,1,0,0,1,2,2,0,1,1,0,0,1,1,2,0,2,2,0,2,2,0,2,2,2,0,2,1,1,0,1,0,1,1,2,1,1,2,2,2,1,2,2,0,1,1,2,2,0,0,0,2,2,2,1,2,0,0,1,2,1,0,0,0,0,0,0,1,2,0,0,1,2,0,0,0,1,0,0,0,0,0,2,2,0,1,1,2,2,0,0,2,0,0,0,0,0,2,1,2,0,0,2,0,2,0,2,2,2,0,0,0,0,1,2,2,0;
Direction=2;
Energy=50;
ExpectOnPartner=100,100,6,10,30,30;
HungryThreshold=32;
InvInChild=14;
LearnAbility=45;
NumChildren=0;
x=11;
y=25;
 ---------- 
Id=424;
Age=0;
Brain=1,2,2,1,0,0,0,0,1,2,2,1,2,0,2,2,0,2,1,2,0,1,2,1,0,0,0,0,1,2,1,1,2,0,0,2,2,1,0,2,0,2,2,0,2,0,2,1,0,2,0,0,0,1,1,1,2,2,0,2,1,1,2,2,2,0,2,2,0,0,1,1,0,0,0,0,1,2,1,1,1,2,2,2,2,2,2,2,0,0,0,0,1,0,1,2,0,0,0,1,1,2,0,2,0,0,0,0,1,2,1,1,1,2,1,0,1,2,0,0,0,0,0,0,1,0,0,1;
Direction=1;
Energy=48;
ExpectOnPartner=100,100,6,10,30,30;
HungryThreshold=45;
InvInChild=16;
LearnAbility=27;
NumChildren=0;
x=10;
y=26;
 ---------- 
Id=443;
Age=0;
Brain=2,2,2,1,2,1,0,1,1,1,0,1,2,0,2,2,2,2,2,2,0,1,0,1,2,2,1,0,2,1,2,0,0,1,0,2,1,2,0,2,1,0,0,1,2,0,1,1,0,0,1,2,2,2,2,0,2,1,1,1,2,2,1,2,2,2,0,2,0,0,0,2,0,0,0,0,2,1,2,0,1,2,1,1,0,1,0,0,0,0,0,0,1,0,1,2,0,0,1,1,2,0,0,0,0,0,0,0,0,1,2,0,0,2,1,0,2,0,0,0,0,0,0,0,2,2,1,0;
Direction=0;
Energy=50;
ExpectOnPartner=100,100,6,10,30,30;
HungryThreshold=50;
InvInChild=24;
LearnAbility=40;
NumChildren=0;
x=11;
y=26;
 ---------- 
Id=425;
Age=0;
Brain=1,0,0,0,1,0,2,0,2,1,0,2,2,2,1,0,2,2,2,2,2,2,1,1,0,2,0,2,1,2,2,2,1,1,0,0,2,0,0,0,0,0,1,2,0,0,0,0,0,1,2,1,2,2,0,2,1,0,0,1,0,2,2,2,2,2,1,1,1,1,2,0,0,0,0,0,2,1,2,2,1,2,0,1,0,2,0,2,0,0,0,0,0,0,2,2,2,2,0,0,0,2,2,2,0,0,0,0,0,1,1,1,0,0,0,0,0,2,0,2,0,0,0,0,1,0,0,0;
Direction=2;
Energy=50;
ExpectOnPartner=100,100,6,10,30,30;
HungryThreshold=25;
InvInChild=8;
LearnAbility=13;
NumChildren=0;
x=11;
y=28;
 ---------- 
Id=451;
Age=0;
Brain=2,2,2,1,2,2,1,1,2,1,2,0,0,1,0,1,0,0,1,0,1,1,0,2,0,1,0,1,1,2,1,1,2,2,2,1,0,1,1,0,0,2,1,2,0,0,0,2,2,1,0,2,2,2,0,1,1,0,0,0,0,1,0,1,1,1,0,1,1,2,2,0,0,0,0,0,0,0,2,1,0,1,2,2,2,2,1,0,0,0,0,0,0,2,1,0,1,0,0,0,1,1,2,1,0,0,0,0,0,1,2,1,1,0,1,1,2,1,0,1,0,0,0,0,0,2,1,1;
Direction=0;
Energy=43;
ExpectOnPartner=100,100,6,10,30,30;
HungryThreshold=41;
InvInChild=15;
LearnAbility=20;
NumChildren=0;
x=13;
y=28;
 ---------- 
